[45,48,1]
[42,48,1]
[41,42,1]
[31,41,1]
[37,41,1]
[37,36,1]
[32,31,1]
[32,31,1]
[27,26,1]
[32,26,1]
[26,32,1]
[32,28,1]
[28,25,1]
[48,30,1]
[35,45,1]
[34,35,1]
[30,34,1]
[37,38,1]
[38,37,1]
[48,38,1]
[38,48,1]
[26,43,1]
[48,44,1]
[38,39,1]
[29,33,1]
[28,27,1]
[33,32,1]
[42,37,1]
[17,21,1]
[21,22,1]
[16,17,1]
[31,16,1]
[21,16,1]
[18,17,1]
[19,18,1]
[17,18,1]
[18,19,1]
[19,20,1]
[20,19,1]
[19,20,1]
[29,25,1]
[25,20,1]
[15,20,1]
[10,15,1]
[10,15,1]
[15,10,1]
[14,10,1]
[14,5,1]
[14,9,-1]
[15,14,1]
[25,24,1]
[20,19,1]
[20,15,1]
[36,32,1]
[28,23,1]
[48,23,1]
[48,24,-1]
[19,14,-1]
[43,29,-1]
[41,32,-1]
[38,42,1]
[23,24,1]
[24,28,1]
[23,24,1]
[23,28,1]
[39,38,1]
[48,38,1]
[24,15,1]
[5,15,1]
[48,44,1]
[44,38,1]
[44,39,1]
[39,35,1]
[30,35,1]
[30,40,1]
[35,30,1]
[29,25,1]
[25,24,1]
[23,24,1]
[32,28,1]
[31,32,1]
[37,32,1]
[27,26,1]
[31,27,1]
[21,31,1]
[26,21,1]
[22,21,1]
[16,22,1]
[12,16,1]
[34,37,1]
[37,38,1]
[40,44,1]
[28,22,1]
[27,22,1]
[44,29,1]
[35,25,-1]
[22,23,1]
[17,18,1]
[27,22,1]
[6,11,1]
[1,11,1]
[6,11,1]
[1,6,1]
[1,2,1]
[2,1,1]
[2,11,1]
[6,7,1]
[12,7,1]
[11,17,1]
[17,12,1]
[12,6,1]
[18,17,1]
[14,13,1]
[13,14,1]
[19,14,1]
[12,14,1]
[14,9,1]
[14,9,1]
[10,9,1]
[5,10,1]
[20,15,1]
[24,15,1]
[15,10,1]
[10,3,1]
[10,3,1]
[9,2,1]
[9,2,1]
[7,51,1]
[3,51,1]
[8,51,2]
[7,51,-1]
[18,7,1]
[13,7,1]
[7,8,1]
[11,17,1]
[11,17,1]
[11,17,1]
[11,17,1]
[13,12,1]
[13,8,1]
[19,20,1]
[19,20,1]
[19,20,1]
[10,15,1]
[19,15,1]
[17,18,1]
[14,18,1]
[9,13,-1]
[19,18,1]
[19,18,1]
[8,13,1]
[23,7,1]
[7,1,1]
[24,19,1]
[28,19,1]
[18,19,1]
[24,19,1]
[29,24,-1]
[28,23,1]
[20,19,1]
[14,9,1]
[14,9,1]
[15,4,-1]
[12,3,-1]
[38,33,1]
[9,8,1]
[18,19,1]
[15,14,1]
[48,44,1]
[48,40,1]
[44,39,1]
[48,36,1]
[42,41,1]
[41,31,1]
[37,26,1]
[31,37,1]
[36,32,1]
[37,32,1]
[36,32,1]
[33,32,1]
[32,27,1]
[26,27,1]
[32,21,1]
[27,16,1]
[16,22,1]
[36,37,1]
[43,37,1]
[38,42,1]
[42,38,1]
[38,39,1]
[42,34,1]
[30,34,1]
[30,34,1]
[32,29,1]
[29,33,1]
[39,38,1]
[48,43,1]
[34,48,1]
[34,29,1]
[28,29,1]
[24,29,1]
[32,26,1]
[26,32,-1]
[27,22,1]
[17,18,1]
[17,18,1]
[18,17,1]
[23,17,1]
[23,17,1]
[23,17,1]
[13,12,1]
[13,7,1]
[7,13,1]
[19,23,1]
[13,24,1]
[34,29,1]
[19,13,1]
[19,13,-1]
[13,8,-1]
[24,8,-1]
[27,22,1]
[22,27,1]
[17,27,1]
[40,25,1]
[25,30,1]
[27,24,1]
[20,24,1]
[29,24,1]
[32,25,1]
[25,20,1]
[29,20,1]
[20,19,1]
[19,20,1]
[20,19,1]
[15,20,1]
[25,19,1]
[24,15,1]
[22,15,1]
[24,15,1]
[14,15,1]
[15,10,1]
[10,15,1]
[15,9,1]
[14,9,1]
[19,9,-1]
[18,13,1]
[19,23,1]
[19,15,1]
[15,11,1]
[14,15,1]
[10,15,1]
[20,25,1]
[25,20,1]
[20,4,1]
[4,3,-1]
[25,19,1]
[15,19,1]
[15,13,1]
[22,15,1]
[29,25,1]
[29,25,1]
[25,24,1]
[10,14,1]
[20,19,1]
[48,44,1]
[39,38,1]
[38,34,1]
[40,34,1]
[33,35,1]
[37,47,-1]
[48,16,-1]
[16,17,1]
[23,16,1]
[33,27,1]
[33,32,1]
[32,21,1]
[27,21,1]
[27,22,1]
[27,22,1]
[37,22,-1]
[22,27,1]
[22,27,1]
[13,12,1]
[38,33,1]
[28,33,1]
[35,30,1]
[33,25,-1]
[24,20,1]
[15,20,1]
[14,15,1]
[19,15,1]
[24,23,1]
[9,8,1]
[8,3,1]
[3,51,2]
[10,3,-1]
[19,18,1]
[14,18,1]
[14,13,1]
[15,14,1]
[15,9,1]
[14,10,1]
[30,29,1]
[34,24,1]
[19,33,1]
[12,3,-1]
[19,8,-1]
[15,10,1]
[19,10,1]
[34,19,1]
[48,33,1]
[23,28,1]
[21,28,1]
[13,18,1]
[29,13,-1]
[19,14,1]
[14,9,1]
[14,9,1]
[24,20,1]
[28,24,1]
[14,19,1]
[9,14,1]
[28,15,1]
[14,15,1]
[10,15,1]
[20,19,1]
[14,15,1]
[19,15,1]
[15,14,1]
[9,14,1]
[24,29,1]
[28,24,1]
[18,19,1]
[18,19,1]
[18,19,1]
[40,48,1]
[28,48,1]
[27,48,1]
[48,36,1]
[31,41,1]
[32,42,1]
[36,37,1]
[38,37,1]
[38,32,1]
[36,32,1]
[32,33,1]
[32,33,1]
[27,33,1]
[26,33,1]
[33,28,1]
[33,28,1]
[33,35,1]
[35,40,1]
[21,26,1]
[26,21,1]
[22,21,1]
[16,21,1]
[11,17,1]
[17,11,1]
[37,11,1]
[17,18,1]
[13,18,1]
[14,13,1]
[30,35,1]
[48,30,1]
[35,30,1]
[28,25,1]
[29,25,1]
[25,20,1]
[19,20,1]
[23,19,1]
[18,19,1]
[13,18,1]
[18,17,1]
[11,17,1]
[23,26,1]
[48,26,1]
[21,27,1]
[43,29,-1]
[44,29,-1]
[24,29,1]
[33,24,1]
[34,25,1]
[30,25,-1]
[20,15,-1]
[10,15,1]
[15,10,1]
[20,15,1]
[17,15,1]
[15,20,1]
[25,30,1]
[33,34,1]
[25,34,1]
[41,43,1]
[23,22,1]
[27,21,1]
[21,27,1]
[19,3,1]
[3,51,1]
[48,13,-1]
[33,23,1]
[38,39,1]
[38,35,1]
[15,19,1]
[39,38,1]
[28,27,1]
[35,38,1]
[20,14,1]

